100
333.000000
333.000000
333.000000
333.000000
333.000000
333.000000
333.000000
333.000000
333.000000
333.000000
333.000000
333.000000
333.000000
333.000000
333.000000
333.000000
333.000000
333.000000
333.000000
333.000000
333.000000
333.000000
333.000000
333.000000
333.000000
333.000000
332.981108
332.962224
332.943358
332.924516
332.905708
332.886942
332.868226
332.849569
332.830978
332.812463
332.794031
332.775691
332.757450
332.739318
332.721301
332.703408
332.685646
332.668025
332.650551
332.633233
332.616077
332.599092
332.582286
332.565665
332.549237
332.533010
332.516990
332.501185
332.485601
332.470247
332.455127
332.440250
332.425622
332.411249
332.397138
332.383295
332.369726
332.356437
332.343435
332.330724
332.318311
332.306200
332.294399
332.282910
332.271741
332.260895
332.250378
332.240195
332.230348
332.220844
332.211687
332.202880
332.194427
332.186332
332.178599
332.171232
332.164232
332.157604
332.151351
332.145475
332.139978
332.134864
332.130135
332.125792
332.121838
332.118275
332.115103
332.112325
332.109941
332.107953
273.000000
273.000000
273.000000
273.000000
